Cu            0.9998370000        0.0010450000        0.0930530000
Cu            0.4997040000        0.9999300000        0.0908420000
Cu            0.7509860000        0.0039270000        0.0910010000
Cu            0.2478460000        0.2515310000        0.0923920000
Cu            0.5038990000        0.2510940000        0.0913950000
Cu            0.4999610000        0.5012450000        0.0921850000
Cu            0.9991920000        0.7478060000        0.0921160000
Cu            0.2484900000        0.7482660000        0.0912290000
Cu            0.7490620000        0.7473750000        0.0928180000
Cu            0.4177350000        0.0838490000        0.1806430000
Cu            0.6678620000        0.0861820000        0.1802940000
Cu            0.9184230000        0.0842020000        0.1806650000
Cu            0.1650670000        0.3312580000        0.1813360000
Cu            0.4183030000        0.3327390000        0.1798250000
Cu            0.4162230000        0.5833450000        0.1800540000
Cu            0.9184280000        0.5839200000        0.1823020000
Cu            0.1664020000        0.8320980000        0.1806430000
Cu            0.4140850000        0.8315860000        0.1798280000
Cu            0.6678140000        0.8324400000        0.1791470000
Cu            0.8354420000        0.1691600000        0.2670130000
Cu            0.3332370000        0.4162060000        0.2665210000
Cu            0.8330510000        0.4168880000        0.2675050000
Cu            0.5827390000        0.6648830000        0.2655590000
Cu            0.5813630000        0.9171490000        0.2660470000
Cu            0.8342180000        0.9173380000        0.2661090000
Cu            0.2507440000        0.0004790000        0.3557980000
Cu            0.7470710000        0.9973020000        0.3557700000
Cu            0.0009180000        0.2486990000        0.3543180000
Cu            0.0010680000        0.5005810000        0.3542580000
Cu            0.2531270000        0.5002370000        0.3546030000
Cu            0.7474680000        0.4987840000        0.3552680000
Cu            0.0004810000        0.7512300000        0.3545820000
Ni            0.2493680000        0.0023930000        0.0963310000
Ni            0.9993410000        0.2548260000        0.0955600000
Ni            0.7550720000        0.2559200000        0.0958080000
Ni            0.9992450000        0.4989380000        0.0960240000
Ni            0.2450390000        0.5008960000        0.0963810000
Ni            0.7516250000        0.4969570000        0.0972260000
Ni            0.4977000000        0.7487380000        0.0945760000
Ni            0.1660900000        0.0806930000        0.1816900000
Ni            0.6678820000        0.3332180000        0.1818350000
Ni            0.9177780000        0.3353510000        0.1805890000
Ni            0.1637260000        0.5801460000        0.1817510000
Ni            0.6709860000        0.5811400000        0.1814330000
Ni            0.9180240000        0.8313480000        0.1809220000
Ni            0.0873220000        0.1654200000        0.2672120000
Ni            0.3316280000        0.1643730000        0.2663960000
Ni            0.5798910000        0.1670610000        0.2668710000
Ni            0.0842860000        0.4194840000        0.2664740000
Ni            0.5838610000        0.4160780000        0.2660850000
Ni            0.0864730000        0.6694120000        0.2671270000
Ni            0.3287220000        0.6664360000        0.2662610000
Ni            0.8352020000        0.6701890000        0.2669400000
Ni            0.0844140000        0.9176880000        0.2662800000
Ni            0.3319260000        0.9176160000        0.2672490000
Ni            0.0005500000        0.0003680000        0.3508770000
Ni            0.4981390000        0.0010500000        0.3511950000
Ni            0.2524540000        0.2486330000        0.3515230000
Ni            0.4981920000        0.2504380000        0.3502550000
Ni            0.7406140000        0.2442220000        0.3519300000
Ni            0.5015040000        0.4995480000        0.3517060000
Ni            0.2564710000        0.7533500000        0.3509170000
Ni            0.4989590000        0.7475090000        0.3506160000
Ni            0.7472690000        0.7477830000        0.3511390000
